{
    "00": {
        "cost": 27.0,
        "tcp_path": {
            "000": [
                0.07866658128004703,
                -0.9964977128620118,
                -0.02835272915416708,
                0.0,
                -0.9942065815232173,
                -0.08051185613999332,
                0.07121175659125291,
                0.0,
                -0.0732450834229063,
                0.02258648449123736,
                -0.9970581770752897,
                0.0,
                0.7709827944219723,
                -0.18753329629556936,
                0.8070894740098564,
                1.0
            ],
            "001": [
                0.0810280871330917,
                -0.9962979067130183,
                -0.02872159770643373,
                0.0,
                -0.9940466120931043,
                -0.08288378970269997,
                0.0707220643840409,
                0.0,
                -0.07284079956846884,
                0.022820133298839317,
                -0.9970824737374788,
                0.0,
                0.7712908091486468,
                -0.18737489401872282,
                0.8063642021142152,
                1.0
            ],
            "002": [
                0.09401610304773325,
                -0.9950970851491472,
                -0.030704453999202526,
                0.0,
                -0.9930619638296283,
                -0.0959226472994121,
                0.06802045082116773,
                0.0,
                -0.07063220485416144,
                0.024096407673008354,
                -0.9972113390724641,
                0.0,
                0.7729797427158559,
                -0.18643215415690373,
                0.8023971699128174,
                1.0
            ],
            "003": [
                0.11992826981721869,
                -0.9921832755823145,
                -0.034489965981389745,
                0.0,
                -0.9905714995006524,
                -0.1219062550172352,
                0.06250575465268628,
                0.0,
                -0.06622170698250983,
                0.026668570310795503,
                -0.9974484813171559,
                0.0,
                0.7763005222787586,
                -0.18447578189431268,
                0.7944666785723524,
                1.0
            ],
            "004": [
                0.15545504486172798,
                -0.9870603865884041,
                -0.03931313082149562,
                0.0,
                -0.9860102672707999,
                -0.1574667758006371,
                0.05466230287426016,
                0.0,
                -0.06014550576396925,
                0.03026561988299135,
                -0.9977306802887712,
                0.0,
                0.7807444769390005,
                -0.18168506139788143,
                0.7835262057264067,
                1.0
            ],
            "005": [
                0.19567316140403265,
                -0.979670658429087,
                -0.04424268209852181,
                0.0,
                -0.9792244699623419,
                -0.19763390278950235,
                0.045390284149369665,
                0.0,
                -0.053211383491902436,
                0.034441856531102884,
                -0.9979891317973202,
                0.0,
                0.7856232728955944,
                -0.17839026356410523,
                0.7710220866035702,
                1.0
            ],
            "006": [
                0.23796607090898764,
                -0.9700474261519321,
                -0.04878667965901057,
                0.0,
                -0.9701911464929456,
                -0.23977146213640538,
                0.03519638066157537,
                0.0,
                -0.0458398119852462,
                0.03895686025570735,
                -0.9981888972915773,
                0.0,
                0.7905800623121753,
                -0.17477360238770173,
                0.7577093318395537,
                1.0
            ],
            "007": [
                0.2865271794064979,
                -0.9565972286022417,
                -0.0531405465898435,
                0.0,
                -0.9573474844522556,
                -0.2880265602266769,
                0.022945470510038743,
                0.0,
                -0.037255462341715596,
                0.044299467654808175,
                -0.9983233883322609,
                0.0,
                0.796052131418287,
                -0.1704148052533273,
                0.7421828008242491,
                1.0
            ],
            "008": [
                0.3509097205184763,
                -0.9346504594223394,
                -0.05736625094299767,
                0.0,
                -0.9360583818780955,
                -0.3517963571246085,
                0.005833423490286583,
                0.0,
                -0.02563345004884412,
                0.05165115502547277,
                -0.9983361580265081,
                0.0,
                0.8029416273722277,
                -0.16426305758266194,
                0.7211260802963523,
                1.0
            ],
            "009": [
                0.4194588428714501,
                -0.9058083712695691,
                -0.059711587442595415,
                0.0,
                -0.9076829973033912,
                -0.41944147583247304,
                -0.0134322283262782,
                0.0,
                -0.012878491498474948,
                0.059833459614564294,
                -0.9981252935214479,
                0.0,
                0.8098032935468161,
                -0.15720285882430868,
                0.6979784888881451,
                1.0
            ],
            "010": [
                0.49051992148643303,
                -0.869398706412983,
                -0.05946508145437768,
                0.0,
                -0.8714295344465418,
                -0.48930743566741025,
                -0.03447897757862894,
                0.0,
                0.0008792719871070498,
                0.06873225362241556,
                -0.9976347549041974,
                0.0,
                0.8163659194146065,
                -0.14925823875330527,
                0.6729803317945908,
                1.0
            ],
            "011": [
                0.5646100375923387,
                -0.8234691883068403,
                -0.05580323789218189,
                0.0,
                -0.8252029600752298,
                -0.5619027919835833,
                -0.057491973736629294,
                0.0,
                0.015986873773719223,
                0.07850954254310673,
                -0.9967851682266425,
                0.0,
                0.8225451757898712,
                -0.14018531725430278,
                0.6455129360794885,
                1.0
            ],
            "012": [
                0.6411108271813757,
                -0.7659713199624594,
                -0.04759037997095708,
                0.0,
                -0.7667515383620702,
                -0.6366541900674803,
                -0.08224062675417568,
                0.0,
                0.03269534661402258,
                0.08921535330025113,
                -0.9954755823450923,
                0.0,
                0.828092383772449,
                -0.12978880628370498,
                0.6151436224672175,
                1.0
            ],
            "013": [
                0.7122681758124634,
                -0.7010425852621175,
                -0.034833021313008056,
                0.0,
                -0.7001484112998791,
                -0.706096619887105,
                -0.10592339466926605,
                0.0,
                0.049661331829111394,
                0.09983414763001917,
                -0.9937640037191664,
                0.0,
                0.8323008076946001,
                -0.11891906749922304,
                0.5843503931523049,
                1.0
            ],
            "014": [
                0.7754990024627196,
                -0.631091765252905,
                -0.01801335641403504,
                0.0,
                -0.6278445755912444,
                -0.7678788310552306,
                -0.12717424942928984,
                0.0,
                0.0664265465004533,
                0.10993309168410303,
                -0.99171680900991,
                0.0,
                0.8350059136681619,
                -0.10794999395653893,
                0.554001793809802,
                1.0
            ],
            "015": [
                0.8261087308384271,
                -0.5635104669724347,
                0.0005643093407098898,
                0.0,
                -0.5575751376994231,
                -0.8175516588843419,
                -0.14394183156723622,
                0.0,
                0.08157408076094211,
                0.11859695893221678,
                -0.9895859895330158,
                0.0,
                0.8361699842403324,
                -0.09791517099891339,
                0.5266803402848208,
                1.0
            ],
            "016": [
                0.866594808737498,
                -0.49860783519259183,
                0.02009139501818439,
                0.0,
                -0.489807576610448,
                -0.8576172991926888,
                -0.156783628036983,
                0.0,
                0.09540427330166937,
                0.1260269606473002,
                -0.9874285947985227,
                0.0,
                0.8361411655329557,
                -0.08870691556143422,
                0.5018397204864835,
                1.0
            ],
            "017": [
                0.8973868059531631,
                -0.4395174402086579,
                0.03900436198181803,
                0.0,
                -0.4279434567170086,
                -0.8884687399682907,
                -0.16579413726744407,
                0.0,
                0.10752357115664282,
                0.13208980979465124,
                -0.9853887373996801,
                0.0,
                0.8352366128889921,
                -0.08064277035654471,
                0.4801696686306619,
                1.0
            ],
            "018": [
                0.9220035467223144,
                -0.3828207408659053,
                0.05794601103054721,
                0.0,
                -0.3685008019250822,
                -0.9135619013552096,
                -0.17208082802225802,
                0.0,
                0.11881337808531588,
                0.1373059822263182,
                -0.9833770632025247,
                0.0,
                0.8336366329697921,
                -0.07316684626806735,
                0.46007588163727026,
                1.0
            ],
            "019": [
                0.9386845230893465,
                -0.3367941954212286,
                0.07376337873968036,
                0.0,
                -0.32022575961138283,
                -0.9309434270959219,
                -0.17549871346597778,
                0.0,
                0.1277764805973272,
                0.14111699216418894,
                -0.9817123639481646,
                0.0,
                0.831834389328287,
                -0.06727608731468154,
                0.4441933280384331,
                1.0
            ],
            "020": [
                0.9496592543471037,
                -0.30119163823686296,
                0.08620265476826988,
                0.0,
                -0.28289446211466324,
                -0.9426575582064528,
                -0.1771085860739195,
                0.0,
                0.13460320924018943,
                0.14380655413590254,
                -0.9804089203234532,
                0.0,
                0.8301395049199685,
                -0.06282567350659615,
                0.43214093688799593,
                1.0
            ],
            "021": [
                0.9581232943696019,
                -0.26925618466503115,
                0.09747235405986665,
                0.0,
                -0.2494301503005942,
                -0.9519333695393607,
                -0.1777848702180894,
                0.0,
                0.14065686228323285,
                0.14602728161912268,
                -0.9792301466537711,
                0.0,
                0.8283995382356624,
                -0.0589113185854646,
                0.42148717694242466,
                1.0
            ],
            "022": [
                0.9646793939733928,
                -0.240395444292417,
                0.10772045862592254,
                0.0,
                -0.21921541015757245,
                -0.9593447162860294,
                -0.1777704117212019,
                0.0,
                0.14607624992645082,
                0.14787746852556616,
                -0.9781584654389573,
                0.0,
                0.8266500733843172,
                -0.055436627712028314,
                0.4119775990605752,
                1.0
            ],
            "023": [
                0.9693865689591056,
                -0.21623460363355745,
                0.11632831174366624,
                0.0,
                -0.19394777370435456,
                -0.9648568659400172,
                -0.17730056210720996,
                0.0,
                0.15057868706034655,
                0.14931116649415888,
                -0.977257506782801,
                0.0,
                0.8250569510930555,
                -0.05257358590883061,
                0.4040977015859072,
                1.0
            ],
            "024": [
                0.9722909392105147,
                -0.19915731621701996,
                0.12242014918455685,
                0.0,
                -0.17610587464072322,
                -0.968379094928606,
                -0.1767162964253187,
                0.0,
                0.15374345659624383,
                0.1502607463793826,
                -0.9766189930834598,
                0.0,
                0.8238604117495587,
                -0.05057517404469313,
                0.3985703977669392,
                1.0
            ],
            "025": [
                0.9735817238852293,
                -0.19082853007394998,
                0.12539178213296334,
                0.0,
                -0.1674101419244827,
                -0.9699858758004558,
                -0.1763554510879862,
                0.0,
                0.1552819091120712,
                0.15070458804375567,
                -0.9763071524090521,
                0.0,
                0.8232556814018474,
                -0.049608130688655494,
                0.39588695157751785,
                1.0
            ],
            "026": [
                0.9737198894049238,
                -0.18990441043976125,
                0.1257214853268507,
                0.0,
                -0.16644556276779837,
                -0.970159694071182,
                -0.17631234396553744,
                0.0,
                0.15545240947689984,
                0.15075305268961484,
                -0.9762725364838392,
                0.0,
                0.8231877284323235,
                -0.049501140427872306,
                0.39558969740121086,
                1.0
            ]
        },
        "time_from_start": {
            "000": 0.0,
            "001": 0.09,
            "002": 0.18,
            "003": 0.27,
            "004": 0.36,
            "005": 0.45,
            "006": 0.54,
            "007": 0.63,
            "008": 0.72,
            "009": 0.81,
            "010": 0.9,
            "011": 0.99,
            "012": 1.08,
            "013": 1.17,
            "014": 1.26,
            "015": 1.35,
            "016": 1.44,
            "017": 1.53,
            "018": 1.62,
            "019": 1.71,
            "020": 1.8,
            "021": 1.8900000000000001,
            "022": 1.98,
            "023": 2.07,
            "024": 2.16,
            "025": 2.25,
            "026": 2.34
        },
        "trajectory": {
            "000": [
                -0.09066290845119222,
                0.19297261097524956,
                -0.18781752173080477,
                1.2394632177381073,
                0.03846711490402484,
                1.7890646404891275,
                -0.175140084316079
            ],
            "001": [
                -0.0907023760816277,
                0.19299594209097376,
                -0.1875905480471894,
                1.240460478965431,
                0.03877428978923287,
                1.7877085438548983,
                -0.17731587067345525
            ],
            "002": [
                -0.090828479530804,
                0.19312355413936952,
                -0.18634909105728423,
                1.2459151065755654,
                0.040454415882666045,
                1.780291227368095,
                -0.18921656831769165
            ],
            "003": [
                -0.09103401886072414,
                0.19337866381864832,
                -0.18386729017316245,
                1.2568194711532064,
                0.04381316166123471,
                1.765463244792424,
                -0.2130072933893577
            ],
            "004": [
                -0.09129815499197726,
                0.1937306533291105,
                -0.18044300662290227,
                1.271864850695196,
                0.04844741656566415,
                1.7450042236266774,
                -0.24583272633721392
            ],
            "005": [
                -0.09160061206830691,
                0.1941331295067947,
                -0.1765275701861566,
                1.2890682237216198,
                0.05374637333826883,
                1.721610717873795,
                -0.2833663868327706
            ],
            "006": [
                -0.09193587982117962,
                0.19456198295712793,
                -0.17235552592972328,
                1.307399062386907,
                0.059392610360726676,
                1.6966840608099218,
                -0.3233599086848474
            ],
            "007": [
                -0.09233672539165658,
                0.19506280753776106,
                -0.16748332002001828,
                1.3288062227585014,
                0.06598641131238119,
                1.6675741572731764,
                -0.37006523143331527
            ],
            "008": [
                -0.09288186870497557,
                0.1957435610013145,
                -0.16086069969258857,
                1.357904232583389,
                0.07494913600561895,
                1.6280060761073234,
                -0.4335501550111637
            ],
            "009": [
                -0.0934833165472934,
                0.19649462533944564,
                -0.15355406929081075,
                1.3900075984274443,
                0.08483756588512434,
                1.5843512490913483,
                -0.5035920492667072
            ],
            "010": [
                -0.09413612567900007,
                0.19730982762954247,
                -0.1456234812785493,
                1.4248524659404038,
                0.0955704289355686,
                1.536968470878561,
                -0.579615246882389
            ],
            "011": [
                -0.09485829659366359,
                0.198211646177846,
                -0.13685025841682025,
                1.46339964400664,
                0.10744367204697232,
                1.484551213491601,
                -0.6637160038896175
            ],
            "012": [
                -0.09566401771877193,
                0.1992177989328642,
                -0.1270620339792962,
                1.506406465592294,
                0.12069056776675136,
                1.426069639754177,
                -0.7575466403531481
            ],
            "013": [
                -0.09649032144036783,
                0.2002496544223845,
                -0.11702376387752329,
                1.5505119204734175,
                0.13427586284186074,
                1.366094121528168,
                -0.853774232870472
            ],
            "014": [
                -0.0973155690735202,
                0.20128019111031958,
                -0.10699832356311578,
                1.594561004724737,
                0.14784379472138548,
                1.3061952572612743,
                -0.9498788381063064
            ],
            "015": [
                -0.09806921573577035,
                0.20222131533047863,
                -0.09784272065435098,
                1.6347882577183277,
                0.16023453195450021,
                1.2514933989174,
                -1.0376451182544606
            ],
            "016": [
                -0.09876447511724072,
                0.20308952781780124,
                -0.08939642992663673,
                1.671898984051371,
                0.1716653213896134,
                1.2010294585824273,
                -1.118611879876643
            ],
            "017": [
                -0.09937974843802588,
                0.20385785686802185,
                -0.08192184204927896,
                1.7047403098014688,
                0.18178105655605484,
                1.156371138281682,
                -1.1902638267962917
            ],
            "018": [
                -0.09995833237727766,
                0.20458036966599416,
                -0.0748929715420278,
                1.73562327348742,
                0.19129358002051883,
                1.1143758395955619,
                -1.257643094356481
            ],
            "019": [
                -0.10042165014048558,
                0.20515894261061898,
                -0.0692644009226825,
                1.7603536966559385,
                0.19891100732020817,
                1.0807468939361597,
                -1.3115989846166678
            ],
            "020": [
                -0.80077703534431087,
                1.50560273363306936,
                -0.06494703846510828,
                1.0793230243535856,
                0.10475391076250377,
                0.2549520061579556,
                -1.3529855373897033
            ],
            "021": [
                -0.10109407604444595,
                0.20599864155201703,
                -0.06109550046759745,
                1.7962456448499344,
                0.2099663905681567,
                1.0319402735560326,
                -1.389906662766077
            ],
            "022": [
                -0.10137948151501072,
                0.20635504464429963,
                -0.05762827996843357,
                1.811479677779749,
                0.21465875420193561,
                1.011224717575479,
                -1.4231436924513339
            ],
            "023": [
                -0.10161777933792915,
                0.20665262156461678,
                -0.05473334212826594,
                1.8241992548581367,
                0.2185766189718655,
                0.9939283711496667,
                -1.4508947786466968
            ],
            "024": [
                -0.10178594312590783,
                0.20686261786891658,
                -0.05269042076539607,
                1.8331753010376308,
                0.22134140705272518,
                0.9817225561844499,
                -1.4704783724789108
            ],
            "025": [
                -0.10186789337282107,
                0.20696495410429222,
                -0.051694856190383706,
                1.8375495436112297,
                0.2226887545917677,
                0.9757743698228102,
                -1.4800219274219133
            ],
            "026": [
                -0.10187698385115108,
                0.20697630593500774,
                -0.05158442140176178,
                1.8380347643253039,
                0.2228382115375141,
                0.9751145565670768,
                -1.4810805633951947
            ]
        }
    },
    "01": {
        "cost": 72.0,
        "tcp_path": {
            "000": [
                0.9737198894049238,
                -0.18990441043976125,
                0.1257214853268507,
                0.0,
                -0.16644556276779837,
                -0.970159694071182,
                -0.17631234396553744,
                0.0,
                0.15545240947689984,
                0.15075305268961484,
                -0.9762725364838392,
                0.0,
                0.8231877284323235,
                -0.049501140427872306,
                0.39558969740121086,
                1.0
            ],
            "001": [
                0.9737185217261523,
                -0.18993283095578378,
                0.12568914102880402,
                0.0,
                -0.1664799038646282,
                -0.9701549983940617,
                -0.17630575912386823,
                0.0,
                0.1554242003571551,
                0.15074746703059708,
                -0.9762778903197589,
                0.0,
                0.8273296912761621,
                -0.05035245436888466,
                0.39616155288863947,
                1.0
            ],
            "002": [
                0.9737153825843905,
                -0.18998951057115226,
                0.12562778192528942,
                0.0,
                -0.16654747202525266,
                -0.9701452926407541,
                -0.17629535084336118,
                0.0,
                0.1553714686824185,
                0.1507385054984961,
                -0.9762876674830778,
                0.0,
                0.8351903232058834,
                -0.05196506925742078,
                0.3972644780354324,
                1.0
            ],
            "003": [
                0.9737116933727344,
                -0.1900074948009069,
                0.12562917698005227,
                0.0,
                -0.16654610773840994,
                -0.9701237486211438,
                -0.1764151534263597,
                0.0,
                0.15539604945553764,
                0.1508544473349839,
                -0.9762658467512161,
                0.0,
                0.8399613874851146,
                -0.053115047050413366,
                0.39791326901383434,
                1.0
            ],
            "004": [
                0.9737323124190533,
                -0.1902986951540189,
                0.12502715854453764,
                0.0,
                -0.16722175293429933,
                -0.9703418855561866,
                -0.17456663621908117,
                0.0,
                0.15453889185775635,
                0.14907391374060944,
                -0.9766753294444549,
                0.0,
                0.8460342755498969,
                -0.05185229119375067,
                0.3990529737478921,
                1.0
            ],
            "005": [
                0.9737675763071266,
                -0.19082318824506234,
                0.12394844961085162,
                0.0,
                -0.1684325951763989,
                -0.9707276869945516,
                -0.17122563646940295,
                0.0,
                0.15299401365768414,
                0.14585701399040882,
                -0.9774039918348579,
                0.0,
                0.8562096168038978,
                -0.049405478748760376,
                0.40099967273135084,
                1.0
            ],
            "006": [
                0.97380984779292,
                -0.19155406555389973,
                0.12248028539851744,
                0.0,
                -0.170088869461151,
                -0.9712367562625814,
                -0.16664015053391767,
                0.0,
                0.15087795341585705,
                0.1414432863529107,
                -0.9783811322377038,
                0.0,
                0.8701427436632274,
                -0.04604048573314781,
                0.4036575001739755,
                1.0
            ],
            "007": [
                0.9738540223497644,
                -0.1923599315609157,
                0.12085528487850444,
                0.0,
                -0.17189739350913258,
                -0.9717738013806807,
                -0.16157649907987356,
                0.0,
                0.14852484390818615,
                0.13657721508370926,
                -0.9794319961396135,
                0.0,
                0.8855238829537396,
                -0.04234327164414357,
                0.40660067760956464,
                1.0
            ],
            "008": [
                0.9738843121811139,
                -0.19298684492721074,
                0.1196052848855737,
                0.0,
                -0.17328351934098152,
                -0.9721696456809189,
                -0.1576673775434887,
                0.0,
                0.14670435716883873,
                0.13282416083558757,
                -0.9802222063828183,
                0.0,
                0.8973828069229953,
                -0.03949199838855597,
                0.4088695609671401,
                1.0
            ],
            "009": [
                0.9739049208376829,
                -0.19345728000893642,
                0.11867386392837612,
                0.0,
                -0.1743125535188194,
                -0.9724546716964332,
                -0.15474832852580547,
                0.0,
                0.14534214410794785,
                0.13002381438538815,
                -0.9808004225319126,
                0.0,
                0.906230968094654,
                -0.03736519748922785,
                0.4105627624257621,
                1.0
            ],
            "010": [
                0.9739531715285586,
                -0.19363945528553528,
                0.11797873124501426,
                0.0,
                -0.17475512073978172,
                -0.9725566260118048,
                -0.15360422186827938,
                0.0,
                0.14448483465293663,
                0.12898593162533833,
                -0.9810640967837209,
                0.0,
                0.9105429446083945,
                -0.0364744990350503,
                0.4113563172879053,
                1.0
            ],
            "011": [
                0.9738716470600378,
                -0.19380363647728927,
                0.11838144086278038,
                0.0,
                -0.17500926985982113,
                -0.9726635048587394,
                -0.15263506077912184,
                0.0,
                0.14472653701274538,
                0.12792910850972358,
                -0.9811668424280382,
                0.0,
                0.9116622930578095,
                -0.03588961963661367,
                0.4116367525827153,
                1.0
            ],
            "012": [
                0.973532477847031,
                -0.19404385307170818,
                0.1207538722447664,
                0.0,
                -0.17514727622369586,
                -0.9728540311756043,
                -0.15125629129658447,
                0.0,
                0.1468262449579108,
                0.1261032002387812,
                -0.9810912478873195,
                0.0,
                0.9087039103343281,
                -0.035356987609667274,
                0.4113270031181172,
                1.0
            ],
            "013": [
                0.9727989946001862,
                -0.19456365096158015,
                0.12572629728647614,
                0.0,
                -0.1755004486889216,
                -0.9732588632961778,
                -0.14821193449050815,
                0.0,
                0.15120088827402492,
                0.12211539927434169,
                -0.9809312517425538,
                0.0,
                0.9028181354519481,
                -0.034140207081801904,
                0.41074713571890104,
                1.0
            ],
            "014": [
                0.971860153619089,
                -0.1952261629671068,
                0.13181269703872062,
                0.0,
                -0.17601992077321119,
                -0.9737392337137126,
                -0.1443914547943364,
                0.0,
                0.15654018429295824,
                0.11712664094804864,
                -0.9807020550002709,
                0.0,
                0.8957260940550176,
                -0.03264001920846574,
                0.41006547435814517,
                1.0
            ],
            "015": [
                0.9712996043881211,
                -0.19481056229686325,
                0.1364768234282271,
                0.0,
                -0.17533347187962858,
                -0.9741205215140767,
                -0.14264425401599332,
                0.0,
                0.16073348174576135,
                0.11462135221119887,
                -0.9803196894193046,
                0.0,
                0.8894047539451083,
                -0.031342604325372725,
                0.40923251038055447,
                1.0
            ],
            "016": [
                0.9708573761980099,
                -0.1931182627684723,
                0.1419200185569434,
                0.0,
                -0.17308110022345133,
                -0.9745944404841328,
                -0.1421569883011766,
                0.0,
                0.16576757170012316,
                0.11345048771472313,
                -0.9796173227388015,
                0.0,
                0.8808454880753129,
                -0.029632384159699883,
                0.40784415674113783,
                1.0
            ],
            "017": [
                0.9705099595333456,
                -0.1920680307248281,
                0.14567185733720267,
                0.0,
                -0.17165772312479533,
                -0.9749023578291187,
                -0.14177100828743816,
                0.0,
                0.16924551556302736,
                0.112584476162179,
                -0.9791224086849885,
                0.0,
                0.8760388284819194,
                -0.02866932280025053,
                0.4070579150686657,
                1.0
            ],
            "018": [
                0.9707157884185377,
                -0.1917062525077658,
                0.144774206488606,
                0.0,
                -0.17136177935865565,
                -0.9749236689292867,
                -0.14198232402836236,
                0.0,
                0.1683626998180185,
                0.11301571798156311,
                -0.9792249224764964,
                0.0,
                0.8708423080148034,
                -0.027645932655616268,
                0.40626733240002044,
                1.0
            ],
            "019": [
                0.9715973188571957,
                -0.19172032283820983,
                0.13871542019660738,
                0.0,
                -0.17192299437897934,
                -0.9746857721030667,
                -0.14293400457419056,
                0.0,
                0.16260729993845352,
                0.11502592521106661,
                -0.979963214889245,
                0.0,
                0.8612447568076268,
                -0.025769686185110344,
                0.4048651580063002,
                1.0
            ],
            "020": [
                0.9720521856879816,
                -0.19171796951513556,
                0.13549453296798097,
                0.0,
                -0.1721643139163592,
                -0.9745199479091424,
                -0.14377176405981726,
                0.0,
                0.1596057558890877,
                0.1164263341867122,
                -0.9802912380486306,
                0.0,
                0.8559984095054427,
                -0.024754932301143458,
                0.4040923352059252,
                1.0
            ],
            "021": [
                0.9725512191353886,
                -0.19167621518436673,
                0.13192556496322347,
                0.0,
                -0.17329723575734102,
                -0.9750038071324301,
                -0.13905266684293766,
                0.0,
                0.15528101698898647,
                0.11237350492827392,
                -0.9814580995401702,
                0.0,
                0.8513082961941837,
                -0.02368152199975957,
                0.403505014337088,
                1.0
            ],
            "022": [
                0.973423361489677,
                -0.19163606186627305,
                0.1253897089019814,
                0.0,
                -0.17541934345192786,
                -0.9759130898665167,
                -0.12969847713093102,
                0.0,
                0.14722436363942024,
                0.10425574717766893,
                -0.9835932726139365,
                0.0,
                0.8428672402675934,
                -0.02172382037779843,
                0.40246428441295384,
                1.0
            ],
            "023": [
                0.9739370737296779,
                -0.19163091191880272,
                0.12134319104111287,
                0.0,
                -0.1766864214470325,
                -0.9764379507174981,
                -0.12389849423966204,
                0.0,
                0.142226878230219,
                0.09922964272727194,
                -0.9848477004659683,
                0.0,
                0.8381005020862281,
                -0.020603088620440135,
                0.4018760811129893,
                1.0
            ],
            "024": [
                0.9739693766840797,
                -0.19172593544331298,
                0.12093311771393227,
                0.0,
                -0.1769044199082598,
                -0.9764699778120752,
                -0.12333372875498363,
                0.0,
                0.14173383328812955,
                0.0987296718827343,
                -0.9849690210313118,
                0.0,
                0.8315568303831609,
                -0.019301156027555316,
                0.401064247936508,
                1.0
            ],
            "025": [
                0.9739446817543198,
                -0.19186217157620644,
                0.12091593774411638,
                0.0,
                -0.17704019386893888,
                -0.9764431420579158,
                -0.12335136838687599,
                0.0,
                0.1417339995813469,
                0.0987304281674529,
                -0.9849689212947521,
                0.0,
                0.8230339875394445,
                -0.017619984715846467,
                0.40002780748535816,
                1.0
            ],
            "026": [
                0.9739753387077058,
                -0.1919009563643846,
                0.12060705839893605,
                0.0,
                -0.17700726001231543,
                -0.9763583931046997,
                -0.12406739344784246,
                0.0,
                0.1415643651917472,
                0.09949025661060357,
                -0.9849168591040639,
                0.0,
                0.8192808565923514,
                -0.01725091747220519,
                0.39955221622009013,
                1.0
            ],
            "027": [
                0.973781730488443,
                -0.19200717102321185,
                0.12199339179888538,
                0.0,
                -0.1774318188363757,
                -0.9766782568100362,
                -0.1209029873035622,
                0.0,
                0.14236253380489136,
                0.09608761080479024,
                -0.9851396246311885,
                0.0,
                0.8179246917621982,
                -0.015322619533628182,
                0.3994607022214515,
                1.0
            ],
            "028": [
                0.9733477572848797,
                -0.19217136600025167,
                0.12515713914153007,
                0.0,
                -0.17832293700357485,
                -0.9773618620074271,
