# Robot Trajectory Export
# Generated at: 1764168230.338346276
# File format: YAML-like structure
---

joint_trajectory:
  joint_names: [joint1, joint2, joint3, joint4, joint5, joint6, joint7]
  num_waypoints: 5
  waypoints:
    - index: 0
      time_from_start: 0
      positions: [0.792613, -0.534913, -0.00393421, 1.87362, -0.00374127, -0.295012, 7.74488e-17]
      velocities: [0, 0, 0, 0, 0, 0, 0]
      accelerations: [0, 0, 0, 0, 0, 0, 0]
    - index: 1
      time_from_start: 1
      positions: [0.409516, -0.6681, 0.0248273, 1.93732, -0.000992189, -0.308635, -6.44712e-17]
      velocities: [0, 0, 0, 0, 0, 0, 0]
      accelerations: [0, 0, 0, 0, 0, 0, 0]
    - index: 2
      time_from_start: 2
      positions: [-3.81304e-06, -0.72026, -2.8984e-06, 1.95816, 4.11748e-07, -0.313432, 4.7813e-21]
      velocities: [0, 0, 0, 0, 0, 0, 0]
      accelerations: [0, 0, 0, 0, 0, 0, 0]
    - index: 3
      time_from_start: 3
      positions: [-0.409525, -0.668102, -0.0248322, 1.93732, 0.000993647, -0.308582, 3.99936e-17]
      velocities: [0, 0, 0, 0, 0, 0, 0]
      accelerations: [0, 0, 0, 0, 0, 0, 0]
    - index: 4
      time_from_start: 4
      positions: [-0.792626, -0.534917, 0.00393272, 1.87364, 0.00374394, -0.294908, -8.52349e-17]
      velocities: [0, 0, 0, 0, 0, 0, 0]
      accelerations: [0, 0, 0, 0, 0, 0, 0]

cartesian_poses:
  num_poses: 0
  poses:
